{
  "accessors": [
    {
      "bufferView": 2,
      "componentType": 5126,
      "count": 2359,
      "max": [
        4.007783889770508,
        6.218194007873535,
        10.201475143432617
      ],
      "min": [
        -4.007783889770508,
        0.7546582221984863,
        -11.104825973510742
      ],
      "type": "VEC3"
    },
    {
      "bufferView": 2,
      "byteOffset": 28308,
      "componentType": 5126,
      "count": 2359,
      "max": [
        1.0,
        1.0,
        1.0
      ],
      "min": [
        -1.0,
        -1.0,
        -1.0
      ],
      "type": "VEC3"
    },
    {
      "bufferView": 3,
      "componentType": 5126,
      "count": 2359,
      "max": [
        1.0,
        1.0,
        1.0,
        1.0
      ],
      "min": [
        -1.0,
        -1.0,
        -1.0,
        -1.0
      ],
      "type": "VEC4"
    },
    {
      "bufferView": 1,
      "componentType": 5126,
      "count": 2359,
      "max": [
        0.9934559464454651,
        0.9903310537338257
      ],
      "min": [
        0.0,
        0.0
      ],
      "type": "VEC2"
    },
    {
      "bufferView": 0,
      "componentType": 5125,
      "count": 6888,
      "type": "SCALAR"
    },
    {
      "bufferView": 2,
      "byteOffset": 56616,
      "componentType": 5126,
      "count": 365,
      "max": [
        3.1790058612823486,
        0.19724203646183014,
        5.296029090881348
      ],
      "min": [
        -3.1790058612823486,
        -1.4334909915924072,
        -0.007848438806831837
      ],
      "type": "VEC3"
    },
    {
      "bufferView": 2,
      "byteOffset": 60996,
      "componentType": 5126,
      "count": 365,
      "max": [
        1.0,
        0.99649977684021,
        0.9975113272666931
      ],
      "min": [
        -1.0,
        -1.0,
        -1.0
      ],
      "type": "VEC3"
    },
    {
      "bufferView": 3,
      "byteOffset": 37744,
      "componentType": 5126,
      "count": 365,
      "max": [
        0.2794279456138611,
        0.9989497661590576,
        0.822823166847229,
        1.0
      ],
      "min": [
        -0.27944430708885193,
        -1.0,
        -1.0,
        1.0
      ],
      "type": "VEC4"
    },
    {
      "bufferView": 1,
      "byteOffset": 18872,
      "componentType": 5126,
      "count": 365,
      "max": [
        0.9879717826843262,
        0.9306381344795227
      ],
      "min": [
        0.2884002923965454,
        0.39416661858558655
      ],
      "type": "VEC2"
    },
    {
      "bufferView": 0,
      "byteOffset": 27552,
      "componentType": 5125,
      "count": 1290,
      "type": "SCALAR"
    },
    {
      "bufferView": 2,
      "byteOffset": 65376,
      "componentType": 5126,
      "count": 450,
      "max": [
        1.35080885887146,
        3.6127917766571045,
        0.12231238186359406
      ],
      "min": [
        -0.5362815856933594,
        -1.5686663389205933,
        -4.990394592285156
      ],
      "type": "VEC3"
    },
    {
      "bufferView": 2,
      "byteOffset": 70776,
      "componentType": 5126,
      "count": 450,
      "max": [
        1.0,
        0.9998247623443604,
        1.0
      ],
      "min": [
        -0.9996511936187744,
        -0.9999167323112488,
        -1.0
      ],
      "type": "VEC3"
    },
    {
      "bufferView": 3,
      "byteOffset": 43584,
      "componentType": 5126,
      "count": 450,
      "max": [
        0.9996710419654846,
        0.9952512979507446,
        0.9995895028114319,
        1.0
      ],
      "min": [
        -0.9880654811859131,
        -0.9998419880867004,
        -0.9982917904853821,
        1.0
      ],
      "type": "VEC4"
    },
    {
      "bufferView": 1,
      "byteOffset": 21792,
      "componentType": 5126,
      "count": 450,
      "max": [
        0.8345114588737488,
        0.9965530037879944
      ],
      "min": [
        0.11488378793001175,
        0.26391932368278503
      ],
      "type": "VEC2"
    },
    {
      "bufferView": 0,
      "byteOffset": 32712,
      "componentType": 5125,
      "count": 1296,
      "type": "SCALAR"
    },
    {
      "bufferView": 2,
      "byteOffset": 76176,
      "componentType": 5126,
      "count": 336,
      "max": [
        1.4449775218963623,
        3.4141030311584473,
        0.07662176340818405
      ],
      "min": [
        -0.1521979719400406,
        -1.7095519304275513,
        -4.177940368652344
      ],
      "type": "VEC3"
    },
    {
      "bufferView": 2,
      "byteOffset": 80208,
      "componentType": 5126,
      "count": 336,
      "max": [
        1.0,
        0.9999697804450989,
        1.0
      ],
      "min": [
        -0.9998475909233093,
        -0.9999707341194153,
        -1.0
      ],
      "type": "VEC3"
    },
    {
      "bufferView": 3,
      "byteOffset": 50784,
      "componentType": 5126,
      "count": 336,
      "max": [
        0.9996058940887451,
        0.9996443390846252,
        0.9994102120399475,
        1.0
      ],
      "min": [
        -0.9991557002067566,
        -0.959577739238739,
        -0.7218332886695862,
        1.0
      ],
      "type": "VEC4"
    },
    {
      "bufferView": 1,
      "byteOffset": 25392,
      "componentType": 5126,
      "count": 336,
      "max": [
        0.9980668425559998,
        0.9196726083755493
      ],
      "min": [
        0.0,
        0.2597305178642273
      ],
      "type": "VEC2"
    },
    {
      "bufferView": 0,
      "byteOffset": 37896,
      "componentType": 5125,
      "count": 834,
      "type": "SCALAR"
    },
    {
      "bufferView": 2,
      "byteOffset": 84240,
      "componentType": 5126,
      "count": 316,
      "max": [
        2.977492332458496,
        0.20768705010414124,
        0.20827504992485046
      ],
      "min": [
        -2.977492332458496,
        -1.6986323595046997,
        -2.355400562286377
      ],
      "type": "VEC3"
    },
    {
      "bufferView": 2,
      "byteOffset": 88032,
      "componentType": 5126,
      "count": 316,
      "max": [
        1.0,
        0.9991626143455505,
        1.0
      ],
      "min": [
        -1.0,
        -1.0,
        -1.0
      ],
      "type": "VEC3"
    },
    {
      "bufferView": 3,
      "byteOffset": 56160,
      "componentType": 5126,
      "count": 316,
      "max": [
        0.9999994039535522,
        1.0,
        0.9991623163223267,
        1.0
      ],
      "min": [
        -1.0,
        -0.7453812956809998,
        -0.999989926815033,
        1.0
      ],
      "type": "VEC4"
    },
    {
      "bufferView": 1,
      "byteOffset": 28080,
      "componentType": 5126,
      "count": 316,
      "max": [
        0.994885265827179,
        0.8658594489097595
      ],
      "min": [
        0.23461392521858215,
        0.0
      ],
      "type": "VEC2"
    },
    {
      "bufferView": 0,
      "byteOffset": 41232,
      "componentType": 5125,
      "count": 936,
      "type": "SCALAR"
    },
    {
      "bufferView": 2,
      "byteOffset": 91824,
      "componentType": 5126,
      "count": 675,
      "max": [
        3.2267074584960938,
        4.033151149749756,
        4.581369876861572
      ],
      "min": [
        -3.2267074584960938,
        1.0945408344268799,
        -1.5933315753936768
      ],
      "type": "VEC3"
    },
    {
      "bufferView": 2,
      "byteOffset": 99924,
      "componentType": 5126,
      "count": 675,
      "max": [
        1.0,
        1.0,
        0.9983410835266113
      ],
      "min": [
        -1.0,
        -1.0,
        -1.0
      ],
      "type": "VEC3"
    },
    {
      "bufferView": 3,
      "byteOffset": 61216,
      "componentType": 5126,
      "count": 675,
      "max": [
        0.9999961256980896,
        0.9999417066574097,
        1.0,
        1.0
      ],
      "min": [
        -1.0,
        -1.0,
        -0.996330738067627,
        1.0
      ],
      "type": "VEC4"
    },
    {
      "bufferView": 1,
      "byteOffset": 30608,
      "componentType": 5126,
      "count": 675,
      "max": [
        0.9982035756111145,
        0.9982015490531921
      ],
      "min": [
        0.040203023701906204,
        0.0
      ],
      "type": "VEC2"
    },
    {
      "bufferView": 0,
      "byteOffset": 44976,
      "componentType": 5125,
      "count": 1554,
      "type": "SCALAR"
    },
    {
      "bufferView": 2,
      "byteOffset": 108024,
      "componentType": 5126,
      "count": 1208,
      "max": [
        3.4091334342956543,
        1.6896201372146606,
        4.543621063232422
      ],
      "min": [
        -3.4092421531677246,
        -2.542787551879883,
        -3.377984046936035
      ],
      "type": "VEC3"
    },
    {
      "bufferView": 2,
      "byteOffset": 122520,
      "componentType": 5126,
      "count": 1208,
      "max": [
        0.9999459385871887,
        0.9997449517250061,
        0.9998916983604431
      ],
      "min": [
        -0.9999469518661499,
        -0.9952912330627441,
        -0.9999309778213501
      ],
      "type": "VEC3"
    },
    {
      "bufferView": 3,
      "byteOffset": 72016,
      "componentType": 5126,
      "count": 1208,
      "max": [
        0.999978244304657,
        0.9995288848876953,
        0.9979730248451233,
        1.0
      ],
      "min": [
        -0.999977707862854,
        -0.9999029040336609,
        -0.9940909743309021,
        1.0
      ],
      "type": "VEC4"
    },
    {
      "bufferView": 1,
      "byteOffset": 36008,
      "componentType": 5126,
      "count": 1208,
      "max": [
        0.9371715784072876,
        1.0
      ],
      "min": [
        0.11488378793001175,
        0.03945888578891754
      ],
      "type": "VEC2"
    },
    {
      "bufferView": 0,
      "byteOffset": 51192,
      "componentType": 5125,
      "count": 5004,
      "type": "SCALAR"
    },
    {
      "bufferView": 2,
      "byteOffset": 137016,
      "componentType": 5126,
      "count": 922,
      "max": [
        3.404475688934326,
        1.4206175804138184,
        14.489900588989258
      ],
      "min": [
        -3.4044766426086426,
        -0.670423150062561,
        -3.786897659301758
      ],
      "type": "VEC3"
    },
    {
      "bufferView": 2,
      "byteOffset": 148080,
      "componentType": 5126,
      "count": 922,
      "max": [
        1.0,
        0.9999997019767761,
        0.9999995827674866
      ],
      "min": [
        -1.0,
        -1.0,
        -1.0
      ],
      "type": "VEC3"
    },
    {
      "bufferView": 3,
      "byteOffset": 91344,
      "componentType": 5126,
      "count": 922,
      "max": [
        1.0,
        0.9999992251396179,
        0.9999997615814209,
        1.0
      ],
      "min": [
        -1.0,
        -1.0,
        -0.9999996423721313,
        -1.0
      ],
      "type": "VEC4"
    },
    {
      "bufferView": 1,
      "byteOffset": 45672,
      "componentType": 5126,
      "count": 922,
      "max": [
        0.9965560436248779,
        0.9978100061416626
      ],
      "min": [
        0.050464630126953125,
        0.03945888578891754
      ],
      "type": "VEC2"
    },
    {
      "bufferView": 0,
      "byteOffset": 71208,
      "componentType": 5125,
      "count": 2292,
      "type": "SCALAR"
    },
    {
      "bufferView": 2,
      "byteOffset": 159144,
      "componentType": 5126,
      "count": 907,
      "max": [
        3.0066678524017334,
        0.8184335231781006,
        2.8203039169311523
      ],
      "min": [
        -3.00016713142395,
        -0.8041991591453552,
        -1.8030463457107544
      ],
      "type": "VEC3"
    },
    {
      "bufferView": 2,
      "byteOffset": 170028,
      "componentType": 5126,
      "count": 907,
      "max": [
        1.0,
        1.0,
        1.0
      ],
      "min": [
        -1.0,
        -1.0,
        -1.0
      ],
      "type": "VEC3"
    },
    {
      "bufferView": 3,
      "byteOffset": 106096,
      "componentType": 5126,
      "count": 907,
      "max": [
        1.0,
        1.0,
        1.0,
        1.0
      ],
      "min": [
        -1.0,
        -1.0,
        -1.0,
        1.0
      ],
      "type": "VEC4"
    },
    {
      "bufferView": 1,
      "byteOffset": 53048,
      "componentType": 5126,
      "count": 907,
      "max": [
        0.9965565204620361,
        0.997408390045166
      ],
      "min": [
        0.027583887800574303,
        0.0
      ],
      "type": "VEC2"
    },
    {
      "bufferView": 0,
      "byteOffset": 80376,
      "componentType": 5125,
      "count": 2397,
      "type": "SCALAR"
    },
    {
      "bufferView": 2,
      "byteOffset": 180912,
      "componentType": 5126,
      "count": 270,
      "max": [
        0.7325401902198792,
        0.6751387119293213,
        0.3360602855682373
      ],
      "min": [
        -0.7325399518013,
        -0.6399840116500854,
        -0.40649303793907166
      ],
      "type": "VEC3"
    },
    {
      "bufferView": 2,
      "byteOffset": 184152,
      "componentType": 5126,
      "count": 270,
      "max": [
        1.0,
        0.9944829940795898,
        0.9987933039665222
      ],
      "min": [
        -1.0,
        -0.8947404026985168,
        -0.9986914396286011
      ],
      "type": "VEC3"
    },
    {
      "bufferView": 3,
      "byteOffset": 120608,
      "componentType": 5126,
      "count": 270,
      "max": [
        0.9704076051712036,
        0.992604672908783,
        0.9998753666877747,
        1.0
      ],
      "min": [
        -0.9872090816497803,
        -0.9994345307350159,
        -0.9578199982643127,
        1.0
      ],
      "type": "VEC4"
    },
    {
      "bufferView": 1,
      "byteOffset": 60304,
      "componentType": 5126,
      "count": 270,
      "max": [
        0.5010672807693481,
        0.9949564337730408
      ],
      "min": [
        0.07356684654951096,
        0.8558753728866577
      ],
      "type": "VEC2"
    },
    {
      "bufferView": 0,
      "byteOffset": 89964,
      "componentType": 5125,
      "count": 1212,
      "type": "SCALAR"
    },
    {
      "bufferView": 2,
      "byteOffset": 187392,
      "componentType": 5126,
      "count": 284,
      "max": [
        0.5647246241569519,
        1.4062210321426392,
        1.4062188863754272
      ],
      "min": [
        -0.3817499279975891,
        -1.4062156677246094,
        -1.4062174558639526
      ],
      "type": "VEC3"
    },
    {
      "bufferView": 2,
      "byteOffset": 190800,
      "componentType": 5126,
      "count": 284,
      "max": [
        1.0,
        0.965925931930542,
        0.965925931930542
      ],
      "min": [
        -1.0,
        -0.965925931930542,
        -0.9659258723258972
      ],
      "type": "VEC3"
    },
    {
      "bufferView": 3,
      "byteOffset": 124928,
      "componentType": 5126,
      "count": 284,
      "max": [
        0.9972851276397705,
        0.7833187580108643,
        0.9534293413162231,
        1.0
      ],
      "min": [
        -1.0,
        -1.0,
        -0.9928087592124939,
        1.0
      ],
      "type": "VEC4"
    },
    {
      "bufferView": 1,
      "byteOffset": 62464,
      "componentType": 5126,
      "count": 284,
      "max": [
        0.9938331246376038,
        0.9925242066383362
      ],
      "min": [
        0.11488378793001175,
        0.03945888578891754
      ],
      "type": "VEC2"
    },
    {
      "bufferView": 0,
      "byteOffset": 94812,
      "componentType": 5125,
      "count": 936,
      "type": "SCALAR"
    },
    {
      "bufferView": 2,
      "byteOffset": 194208,
      "componentType": 5126,
      "count": 284,
      "max": [
        0.5647246241569519,
        1.4062210321426392,
        1.4062188863754272
      ],
      "min": [
        -0.3817499279975891,
        -1.4062156677246094,
        -1.4062174558639526
      ],
      "type": "VEC3"
    },
    {
      "bufferView": 2,
      "byteOffset": 197616,
      "componentType": 5126,
      "count": 284,
      "max": [
        1.0,
        0.965925931930542,
        0.965925931930542
      ],
      "min": [
        -1.0,
        -0.965925931930542,
        -0.9659258723258972
      ],
      "type": "VEC3"
    },
    {
      "bufferView": 3,
      "byteOffset": 129472,
      "componentType": 5126,
      "count": 284,
      "max": [
        0.9972851276397705,
        0.7833187580108643,
        0.9534293413162231,
        1.0
      ],
      "min": [
        -1.0,
        -1.0,
        -0.9928087592124939,
        1.0
      ],
      "type": "VEC4"
    },
    {
      "bufferView": 1,
      "byteOffset": 64736,
      "componentType": 5126,
      "count": 284,
      "max": [
        0.9938331246376038,
        0.9925242066383362
      ],
      "min": [
        0.11488378793001175,
        0.03945888578891754
      ],
      "type": "VEC2"
    },
    {
      "bufferView": 0,
      "byteOffset": 98556,
      "componentType": 5125,
      "count": 936,
      "type": "SCALAR"
    },
    {
      "bufferView": 2,
      "byteOffset": 201024,
      "componentType": 5126,
      "count": 450,
      "max": [
        1.35080885887146,
        3.6127917766571045,
        0.12231238186359406
      ],
      "min": [
        -0.5362815856933594,
        -1.5686663389205933,
        -4.990394592285156
      ],
      "type": "VEC3"
    },
    {
      "bufferView": 2,
      "byteOffset": 206424,
      "componentType": 5126,
      "count": 450,
      "max": [
        1.0,
        0.9998247623443604,
        1.0
      ],
      "min": [
        -0.9996511936187744,
        -0.9999167323112488,
        -1.0
      ],
      "type": "VEC3"
    },
    {
      "bufferView": 3,
      "byteOffset": 134016,
      "componentType": 5126,
      "count": 450,
      "max": [
        0.9996710419654846,
        0.9952512979507446,
        0.9995895028114319,
        1.0
      ],
      "min": [
        -0.9880654811859131,
        -0.9998419880867004,
        -0.9982917904853821,
        1.0
      ],
      "type": "VEC4"
    },
    {
      "bufferView": 1,
      "byteOffset": 67008,
      "componentType": 5126,
      "count": 450,
      "max": [
        0.8345114588737488,
        0.9965530037879944
      ],
      "min": [
        0.11488378793001175,
        0.26391932368278503
      ],
      "type": "VEC2"
    },
    {
      "bufferView": 0,
      "byteOffset": 102300,
      "componentType": 5125,
      "count": 1296,
      "type": "SCALAR"
    },
    {
      "bufferView": 2,
      "byteOffset": 211824,
      "componentType": 5126,
      "count": 336,
      "max": [
        1.4449775218963623,
        3.4141030311584473,
        0.07662176340818405
      ],
      "min": [
        -0.1521979719400406,
        -1.7095519304275513,
        -4.177940368652344
      ],
      "type": "VEC3"
    },
    {
      "bufferView": 2,
      "byteOffset": 215856,
      "componentType": 5126,
      "count": 336,
      "max": [
        1.0,
        0.9999697804450989,
        1.0
      ],
      "min": [
        -0.9998475909233093,
        -0.9999707341194153,
        -1.0
      ],
      "type": "VEC3"
    },
    {
      "bufferView": 3,
      "byteOffset": 141216,
      "componentType": 5126,
      "count": 336,
      "max": [
        0.9996058940887451,
        0.9996443390846252,
        0.9994102120399475,
        1.0
      ],
      "min": [
        -0.9991557002067566,
        -0.959577739238739,
        -0.7218332886695862,
        1.0
      ],
      "type": "VEC4"
    },
    {
      "bufferView": 1,
      "byteOffset": 70608,
      "componentType": 5126,
      "count": 336,
      "max": [
        0.9980668425559998,
        0.9196726083755493
      ],
      "min": [
        0.0,
        0.2597305178642273
      ],
      "type": "VEC2"
    },
    {
      "bufferView": 0,
      "byteOffset": 107484,
      "componentType": 5125,
      "count": 834,
      "type": "SCALAR"
    },
    {
      "bufferView": 2,
      "byteOffset": 219888,
      "componentType": 5126,
      "count": 284,
      "max": [
        0.5647246241569519,
        1.4062210321426392,
        1.4062188863754272
      ],
      "min": [
        -0.3817499279975891,
        -1.4062156677246094,
        -1.4062174558639526
      ],
      "type": "VEC3"
    },
    {
      "bufferView": 2,
      "byteOffset": 223296,
      "componentType": 5126,
      "count": 284,
      "max": [
        1.0,
        0.965925931930542,
        0.965925931930542
      ],
      "min": [
        -1.0,
        -0.965925931930542,
        -0.9659258723258972
      ],
      "type": "VEC3"
    },
    {
      "bufferView": 3,
      "byteOffset": 146592,
      "componentType": 5126,
      "count": 284,
      "max": [
        0.9972851276397705,
        0.7833187580108643,
        0.9534293413162231,
        1.0
      ],
      "min": [
        -1.0,
        -1.0,
        -0.9928087592124939,
        1.0
      ],
      "type": "VEC4"
    },
    {
      "bufferView": 1,
      "byteOffset": 73296,
      "componentType": 5126,
      "count": 284,
      "max": [
        0.9938331246376038,
        0.9925242066383362
      ],
      "min": [
        0.11488378793001175,
        0.03945888578891754
      ],
      "type": "VEC2"
    },
    {
      "bufferView": 0,
      "byteOffset": 110820,
      "componentType": 5125,
      "count": 936,
      "type": "SCALAR"
    },
    {
      "bufferView": 2,
      "byteOffset": 226704,
      "componentType": 5126,
      "count": 54,
      "max": [
        0.20547154545783997,
        0.7595725059509277,
        0.8049483299255371
      ],
      "min": [
        -0.1621149629354477,
        -0.7497684955596924,
        -0.8333654403686523
      ],
      "type": "VEC3"
    },
    {
      "bufferView": 2,
      "byteOffset": 227352,
      "componentType": 5126,
      "count": 54,
      "max": [
        1.0,
        0.8925880789756775,
        0.8604485988616943
      ],
      "min": [
        -0.9261004328727722,
        -0.9379452466964722,
        -0.8875440359115601
      ],
      "type": "VEC3"
    },
    {
      "bufferView": 3,
      "byteOffset": 151136,
      "componentType": 5126,
      "count": 54,
      "max": [
        0.8603692054748535,
        0.7833310961723328,
        0.9109664559364319,
        1.0
      ],
      "min": [
        -0.8874421715736389,
        -0.9349610805511475,
        -0.9869306087493896,
        1.0
      ],
      "type": "VEC4"
    },
    {
      "bufferView": 1,
      "byteOffset": 75568,
      "componentType": 5126,
      "count": 54,
      "max": [
        0.965768575668335,
        0.49500036239624023
      ],
      "min": [
        0.8935683965682983,
        0.3447257876396179
      ],
      "type": "VEC2"
    },
    {
      "bufferView": 0,
      "byteOffset": 114564,
      "componentType": 5125,
      "count": 132,
      "type": "SCALAR"
    }
  ],
  "asset": {
    "extras": {
      "author": "Rashad Ibrahimli (https://sketchfab.com/rashad-ibrahimli)",
      "license": "CC-BY-4.0 (http://creativecommons.org/licenses/by/4.0/)",
      "source": "https://sketchfab.com/3d-models/abandoned-generic-sedan-1-game-ready-6a2169dafc254f399387a679305bb1bf",
      "title": "Abandoned Generic Sedan 1 - Game Ready"
    },
    "generator": "Sketchfab-16.56.0",
    "version": "2.0"
  },
  "bufferViews": [
    {
      "buffer": 0,
      "byteLength": 115092,
      "name": "floatBufferViews",
      "target": 34963
    },
    {
      "buffer": 0,
      "byteLength": 76000,
      "byteOffset": 115092,
      "byteStride": 8,
      "name": "floatBufferViews",
      "target": 34962
    },
    {
      "buffer": 0,
      "byteLength": 228000,
      "byteOffset": 191092,
      "byteStride": 12,
      "name": "floatBufferViews",
      "target": 34962
    },
    {
      "buffer": 0,
      "byteLength": 152000,
      "byteOffset": 419092,
      "byteStride": 16,
      "name": "floatBufferViews",
      "target": 34962
    }
  ],
  "buffers": [
    {
      "byteLength": 571092,
      "uri": "scene.bin"
    }
  ],
  "extensionsUsed": [
    "KHR_materials_specular"
  ],
  "images": [
    {
      "uri": "textures/Material_1_baseColor.png"
    },
    {
      "uri": "textures/Material_1_metallicRoughness.png"
    },
    {
      "uri": "textures/Material_1_normal.png"
    }
  ],
  "materials": [
    {
      "doubleSided": true,
      "extensions": {
        "KHR_materials_specular": {
          "specularColorFactor": [
            1.0,
            1.0,
            1.0
          ],
          "specularFactor": 0.33343194629944845
        }
      },
      "name": "Material_1",
      "normalTexture": {
        "index": 2
      },
      "occlusionTexture": {
        "index": 1
      },
      "pbrMetallicRoughness": {
        "baseColorTexture": {
          "index": 0
        },
        "metallicRoughnessTexture": {
          "index": 1
        },
        "roughnessFactor": 0.858177353251715
      }
    }
  ],
  "meshes": [
    {
      "name": "Object_0",
      "primitives": [
        {
          "attributes": {
            "NORMAL": 1,
            "POSITION": 0,
            "TANGENT": 2,
            "TEXCOORD_0": 3
          },
          "indices": 4,
          "material": 0,
          "mode": 4
        }
      ]
    },
    {
      "name": "Object_1",
      "primitives": [
        {
          "attributes": {
            "NORMAL": 6,
            "POSITION": 5,
            "TANGENT": 7,
            "TEXCOORD_0": 8
          },
          "indices": 9,
          "material": 0,
          "mode": 4
        }
      ]
    },
    {
      "name": "Object_2",
      "primitives": [
        {
          "attributes": {
            "NORMAL": 11,
            "POSITION": 10,
            "TANGENT": 12,
            "TEXCOORD_0": 13
          },
          "indices": 14,
          "material": 0,
          "mode": 4
        }
      ]
    },
    {
      "name": "Object_3",
      "primitives": [
        {
          "attributes": {
            "NORMAL": 16,
            "POSITION": 15,
            "TANGENT": 17,
            "TEXCOORD_0": 18
          },
          "indices": 19,
          "material": 0,
          "mode": 4
        }
      ]
    },
    {
      "name": "Object_4",
      "primitives": [
        {
          "attributes": {
            "NORMAL": 21,
            "POSITION": 20,
            "TANGENT": 22,
            "TEXCOORD_0": 23
          },
          "indices": 24,
          "material": 0,
          "mode": 4
        }
      ]
    },
    {
      "name": "Object_5",
      "primitives": [
        {
          "attributes": {
            "NORMAL": 26,
            "POSITION": 25,
            "TANGENT": 27,
            "TEXCOORD_0": 28
          },
          "indices": 29,
          "material": 0,
          "mode": 4
        }
      ]
    },
    {
      "name": "Object_6",
      "primitives": [
        {
          "attributes": {
            "NORMAL": 31,
            "POSITION": 30,
            "TANGENT": 32,
            "TEXCOORD_0": 33
          },
          "indices": 34,
          "material": 0,
          "mode": 4
        }
      ]
    },
    {
      "name": "Object_7",
      "primitives": [
        {
          "attributes": {
            "NORMAL": 36,
            "POSITION": 35,
            "TANGENT": 37,
            "TEXCOORD_0": 38
          },
          "indices": 39,
          "material": 0,
          "mode": 4
        }
      ]
    },
    {
      "name": "Object_8",
      "primitives": [
        {
          "attributes": {
            "NORMAL": 41,
            "POSITION": 40,
            "TANGENT": 42,
            "TEXCOORD_0": 43
          },
          "indices": 44,
          "material": 0,
          "mode": 4
        }
      ]
    },
    {
      "name": "Object_9",
      "primitives": [
        {
          "attributes": {
            "NORMAL": 46,
            "POSITION": 45,
            "TANGENT": 47,
            "TEXCOORD_0": 48
          },
          "indices": 49,
          "material": 0,
          "mode": 4
        }
      ]
    },
    {
      "name": "Object_10",
      "primitives": [
        {
          "attributes": {
            "NORMAL": 51,
            "POSITION": 50,
            "TANGENT": 52,
            "TEXCOORD_0": 53
          },
          "indices": 54,
          "material": 0,
          "mode": 4
        }
      ]
    },
    {
      "name": "Object_11",
      "primitives": [
        {
          "attributes": {
            "NORMAL": 56,
            "POSITION": 55,
            "TANGENT": 57,
            "TEXCOORD_0": 58
          },
          "indices": 59,
          "material": 0,
          "mode": 4
        }
      ]
    },
    {
      "name": "Object_12",
      "primitives": [
        {
          "attributes": {
            "NORMAL": 61,
            "POSITION": 60,
            "TANGENT": 62,
            "TEXCOORD_0": 63
          },
          "indices": 64,
          "material": 0,
          "mode": 4
        }
      ]
    },
    {
      "name": "Object_13",
      "primitives": [
        {
          "attributes": {
            "NORMAL": 66,
            "POSITION": 65,
            "TANGENT": 67,
            "TEXCOORD_0": 68
          },
          "indices": 69,
          "material": 0,
          "mode": 4
        }
      ]
    },
    {
      "name": "Object_14",
      "primitives": [
        {
          "attributes": {
            "NORMAL": 71,
            "POSITION": 70,
            "TANGENT": 72,
            "TEXCOORD_0": 73
          },
          "indices": 74,
          "material": 0,
          "mode": 4
        }
      ]
    },
    {
      "name": "Object_15",
      "primitives": [
        {
          "attributes": {
            "NORMAL": 76,
            "POSITION": 75,
            "TANGENT": 77,
            "TEXCOORD_0": 78
          },
          "indices": 79,
          "material": 0,
          "mode": 4
        }
      ]
    }
  ],
  "nodes": [
    {
      "children": [
        1
      ],
      "matrix": [
        1.0,
        0.0,
        0.0,
        0.0,
        0.0,
        2.220446049250313e-16,
        -1.0,
        0.0,
        0.0,
        1.0,
        2.220446049250313e-16,
        0.0,
        0.0,
        0.0,
        0.0,
        1.0
      ],
      "name": "Sketchfab_model"
    },
    {
      "children": [
        2
      ],
      "name": "root"
    },
    {
      "children": [
        3,
        5,
        7,
        9,
        11,
        13,
        15,
        17,
        19,
        21,
        23,
        25,
        27,
        29,
        31,
        33
      ],
      "matrix": [
        1.0,
        0.0,
        0.0,
        0.0,
        0.0,
        2.220446049250313e-16,
        1.0,
        0.0,
        0.0,
        -1.0,
        2.220446049250313e-16,
        0.0,
        0.0,
        0.0,
        0.0,
        1.0
      ],
      "name": "GLTF_SceneRootNode"
    },
    {
      "children": [
        4
      ],
      "matrix": [
        0.9977739696673101,
        0.06666155198223013,
        0.0018283713129641614,
        0.0,
        -0.06667257391797653,
        0.9966260568398858,
        0.04786721962818205,
        0.0,
        0.0013687006574102472,
        -0.0478825679668613,
        0.9988520342590335,
        0.0,
        0.13757285475730896,
        0.2976226806640625,
        -0.24969375133514404,
        1.0
      ],
      "name": "KUZA_0"
    },
    {
      "mesh": 0,
      "name": "Object_4"
    },
    {
      "children": [
        6
      ],
      "matrix": [
        0.9977739695700737,
        0.06666155351257022,
        0.0018283685811192399,
        0.0,
        -0.03717444147516676,
        0.5787619147659138,
        -0.8146488242902599,
        0.0,
        -0.05536394629528398,
        0.8127674226368722,
        0.579951679151659,
        0.0,
        -0.11255016922950745,
        3.904916286468506,
        4.726572513580322,
        1.0
      ],
      "name": "KAPOT_1"
    },
    {
      "mesh": 1,
      "name": "Object_6"
    },
    {
      "children": [
        8
      ],
      "matrix": [
        0.9598053660564545,
        0.07716997385170948,
        -0.2698489474223716,
        0.0,
        -0.06667257106142549,
        0.9966260576534339,
        0.047867206668379514,
        0.0,
        0.27263240371844016,
        -0.02795167869557502,
        0.9617121586528917,
        0.0,
        -3.6231603622436523,
        2.192178964614868,
        3.11582088470459,
        1.0
      ],
      "name": "ON QAPI_2"
    },
    {
      "mesh": 2,
      "name": "Object_8"
    },
    {
      "children": [
        10
      ],
      "matrix": [
        0.3266961201420723,
        0.06713460634794137,
        -0.9427420589507097,
        0.0,
        -0.0666725740456728,
        0.9966260575648892,
        0.04786720435528235,
        0.0,
        0.9427748474340206,
        0.04721700978644277,
        0.33006990325169916,
        0.0,
        -3.7380034923553467,
        2.6054675579071045,
        -1.4708466529846191,
        1.0
      ],
      "name": "ARXA QAPI_3"
    },
    {
      "mesh": 3,
      "name": "Object_10"
    },
    {
      "children": [
        12
      ],
      "matrix": [
        0.9977739692853209,
        0.06666155768344831,
        0.0018283719073693173,
        0.0,
        -0.05539799625399222,
        0.8132974774953043,
        0.5792048645434684,
        0.0,
        0.03712368822811153,
        -0.5780168248649784,
        0.8151799690530618,
        0.0,
        -0.1523720920085907,
        4.861441612243652,
        -8.416370391845703,
        1.0
      ],
      "name": "BAQAJ_4"
    },
    {
      "mesh": 4,
      "name": "Object_12"
    },
    {
      "children": [
        14
      ],
      "matrix": [
        0.9977739696673101,
        0.06666155198223013,
        0.0018283713129641614,
        0.0,
        -0.06667257391797653,
        0.9966260568398858,
        0.04786721962818205,
        0.0,
        0.0013687006574102472,
        -0.0478825679668613,
        0.9988520342590335,
        0.0,
        0.13542500138282776,
        0.3297290802001953,
        -0.24815170466899872,
        1.0
      ],
      "name": "SALON_5"
    },
    {
      "mesh": 5,
      "name": "Object_14"
    },
    {
      "children": [
        16
      ],
      "matrix": [
        0.9977739696673101,
        0.06666155198223013,
        0.0018283713129641614,
        0.0,
        -0.06667257391797653,
        0.9966260568398858,
        0.04786721962818205,
        0.0,
        0.0013687006574102472,
        -0.0478825679668613,
        0.9988520342590335,
        0.0,
        -0.10322470963001251,
        3.95245099067688,
        -2.095595121383667,
        1.0
      ],
      "name": "Seats.001_6"
    },
    {
      "mesh": 6,
      "name": "Object_16"
    },
    {
      "children": [
        18
      ],
      "matrix": [
        0.9977739696673101,
        0.06666155198223013,
        0.0018283713129641614,
        0.0,
        -0.06667257391797653,
        0.9966260568398858,
        0.04786721962818205,
        0.0,
        0.0013687006574102472,
        -0.0478825679668613,
        0.9988520342590335,
        0.0,
        0.05392380803823471,
        1.7244610786437988,
        -6.622802734375,
        1.0
      ],
      "name": "SUSPENSION.001_7"
    },
    {
      "mesh": 7,
      "name": "Object_18"
    },
    {
      "children": [
        20
      ],
      "matrix": [
        0.9977739696673101,
        0.06666155198223013,
        0.0018283713129641614,
        0.0,
        -0.06667257391797653,
        0.9966260568398858,
        0.04786721962818205,
        0.0,
        0.0013687006574102472,
        -0.0478825679668613,
        0.9988520342590335,
        0.0,
        -0.03760555386543274,
        2.731759786605835,
        6.600732326507568,
        1.0
      ],
      "name": "Engine.001_8"
    },
    {
      "mesh": 8,
      "name": "Object_20"
    },
    {
      "children": [
        22
      ],
      "matrix": [
        0.9977739696673101,
        0.06666155198223013,
        0.0018283713129641614,
        0.0,
        -0.06667257391797653,
        0.9966260568398858,
        0.04786721962818205,
        0.0,
        0.0013687006574102472,
        -0.0478825679668613,
        0.9988520342590335,
        0.0,
        1.715315580368042,
        3.6448216438293457,
        2.0433616638183594,
        1.0
      ],
      "name": "Cylinder.004_9"
    },
    {
      "mesh": 9,
      "name": "Object_22"
    },
    {
      "children": [
        24
      ],
      "matrix": [
        0.9152489314390763,
        0.052914902310252844,
        0.3993988064743377,
        0.0,
        -0.07471392993760684,
        -0.9518503823610815,
        0.29731915221246913,
        0.0,
        0.39590052055144787,
        -0.30196169080292184,
        -0.8672265650419926,
        0.0,
        3.422900676727295,
        1.4616647958755493,
        5.773039817810059,
        1.0
      ],
      "name": "TEKER.004_10"
    },
    {
      "mesh": 10,
      "name": "Object_24"
    },
    {
      "children": [
        26
      ],
      "matrix": [
        -0.9977739696673101,
        -0.06666155198223013,
        -0.0018283713129641614,
        -0.0,
        -0.06667257391797653,
        0.9966260568398858,
        0.04786721962818205,
        0.0,
        0.0013687006574102472,
        -0.0478825679668613,
        0.9988520342590335,
        0.0,
        -3.2919275760650635,
        1.455487608909607,
        -6.7029924392700195,
        1.0
      ],
      "name": "TEKER.003_11"
    },
    {
      "mesh": 11,
      "name": "Object_26"
    },
    {
      "children": [
        28
      ],
      "matrix": [
        -0.9641790442325184,
        -0.05200934838455974,
        -0.26010343777712913,
        -0.0,
        -0.06667257425433498,
        0.996626057052156,
        0.04786721474007904,
        0.0,
        -0.25673632096991567,
        -0.06349433112716556,
        0.9643935562878603,
        0.0,
        3.600548028945923,
        2.6747970581054688,
        3.1290578842163086,
        1.0
      ],
      "name": "ON QAPI.001_12"
    },
    {
      "mesh": 12,
      "name": "Object_28"
    },
    {
      "children": [
        30
      ],
      "matrix": [
        -0.9921580880038758,
        -0.07989170419200295,
        -0.0961230670015838,
        -0.0,
        -0.08236599022018973,
        0.9963582323328473,
        0.02204805019976791,
        0.0,
        -0.09401155281953957,
        -0.029792422927002293,
        0.995125238084432,
        0.0,
        3.676132917404175,
        3.1008081436157227,
        -1.4572606086730957,
        1.0
      ],
      "name": "ARXA QAPI.001_13"
    },
    {
      "mesh": 13,
      "name": "Object_30"
    },
    {
      "children": [
        32
      ],
      "matrix": [
        0.9977739694705041,
        0.0666615549242134,
        0.0018283714501139865,
        0.0,
        0.045968194753193914,
        -0.7073863608662156,
        0.7053307461975443,
        0.0,
        0.048311809303791836,
        -0.7036766114882164,
        -0.7088760085700854,
        0.0,
        3.4371047019958496,
        1.4393641948699951,
        -6.712985992431641,
        1.0
      ],
      "name": "TEKER.001_14"
    },
    {
      "mesh": 14,
      "name": "Object_32"
    },
    {
      "children": [
        34
      ],
      "matrix": [
        -0.9977739696734774,
        -0.06666155188229538,
        -0.0018283715909590357,
        -0.0,
        0.06265411345603482,
        -0.9464761487455171,
        0.3166344294654205,
        0.0,
        0.02283785254941674,
        -0.3158150366219095,
        -0.948545884569868,
        0.0,
        -3.278059244155884,
        0.9051024913787842,
        5.795769691467285,
        1.0
      ],
      "name": "TEKER.002_15"
    },
    {
      "mesh": 15,
      "name": "Object_34"
    }
  ],
  "samplers": [
    {
      "magFilter": 9729,
      "minFilter": 9987,
      "wrapS": 10497,
      "wrapT": 10497
    }
  ],
  "scene": 0,
  "scenes": [
    {
      "name": "Sketchfab_Scene",
      "nodes": [
        0
      ]
    }
  ],
  "textures": [
    {
      "sampler": 0,
      "source": 0
    },
    {
      "sampler": 0,
      "source": 1
    },
